/usr/bin/python "/Applications/PyCharm CE.app/Contents/helpers/pycharm/_jb_unittest_runner.py" --path /Users/bqxuan/eclipse/workspace/SogouClientsAnalysis/python_writed/TextGrocery-master/sk_alpha.py
Testing started at 下午7:25 ...
Launching unittests with arguments python -m unittest discover -s /Users/bqxuan/eclipse/workspace/SogouClientsAnalysis/python_writed/TextGrocery-master -p sk_alpha.py -t /Users/bqxuan/eclipse/workspace/SogouClientsAnalysis/python_writed/TextGrocery-master in /Users/bqxuan/eclipse/workspace/SogouClientsAnalysis/python_writed/TextGrocery-master
/Library/Python/2.7/site-packages/sklearn/cross_validation.py:44: DeprecationWarning: This module was deprecated in version 0.18 in favor of the model_selection module into which all the refactored classes and functions are moved. Also note that the interface of the new CV iterators are different from that of this module. This module will be removed in 0.20.
  "This module will be removed in 0.20.", DeprecationWarning)
-------------------------------------
gender Data loaded and transformed
50 0.74683976768
80 0.757430816536
110 0.760505637171
140 0.763580457807
170 0.76563033823
200 0.769046805603
230 0.770755039289
260 0.776563033823
290 0.774513153399
320 0.777929620772
350 0.777246327298
380 0.776563033823
410 0.777587974035
440 0.779296207721
470 0.778612914247
500 0.780321147933
530 0.778612914247
560 0.782029381619
590 0.782712675094
620 0.781687734882
650 0.782712675094
680 0.781004441408
710 0.782029381619
740 0.784079262043
770 0.782371028357
800 0.783737615306
830 0.784079262043
860 0.784079262043
890 0.785104202255
920 0.785104202255
950 0.784762555518
980 0.785445848992
1010 0.786470789204
1040 0.784079262043
1070 0.784762555518
1100 0.78442090878
1130 0.785445848992
1160 0.786470789204
1190 0.78442090878
1220 0.785104202255
1250 0.785104202255
1280 0.783395968569
1310 0.785445848992
1340 0.784079262043
1370 0.783737615306
1400 0.784079262043
1430 0.785787495729
1460 0.78442090878
1490 0.784762555518
[0.74683976768021865, 0.7574308165357021, 0.76050563717116504, 0.76358045780662798, 0.76563033823026994, 0.76904680560300653, 0.77075503928937483, 0.77656303382302694, 0.77451315339938509, 0.77792962077212158, 0.77724632729757426, 0.77656303382302694, 0.77758797403484792, 0.77929620772121622, 0.7786129142466689, 0.7803211479330372, 0.7786129142466689, 0.78202938161940549, 0.78271267509395281, 0.78168773488213183, 0.78271267509395281, 0.78100444140758452, 0.78202938161940549, 0.78407926204304745, 0.78237102835667915, 0.78373761530577379, 0.78407926204304745, 0.78407926204304745, 0.78510420225486843, 0.78510420225486843, 0.78476255551759477, 0.78544584899214209, 0.78647078920396307, 0.78407926204304745, 0.78476255551759477, 0.78442090878032111, 0.78544584899214209, 0.78647078920396307, 0.78442090878032111, 0.78510420225486843, 0.78510420225486843, 0.78339596856850013, 0.78544584899214209, 0.78407926204304745, 0.78373761530577379, 0.78407926204304745, 0.78578749572941575, 0.78442090878032111, 0.78476255551759477]
-------------------------------------
age Data loaded and transformed
50 0.479619565217
80 0.47214673913
110 0.47995923913
140 0.477921195652
170 0.475543478261
200 0.47316576087
230 0.476222826087
260 0.477581521739
290 0.472826086957
320 0.470108695652
350 0.469429347826
380 0.467730978261
410 0.466372282609
440 0.46535326087
470 0.462296195652
500 0.462975543478
530 0.463994565217
560 0.462296195652
590 0.461616847826
620 0.459578804348
650 0.459239130435
680 0.460258152174
710 0.45754076087
740 0.456861413043
770 0.454823369565
800 0.451086956522
830 0.450407608696
860 0.450747282609
890 0.450747282609
920 0.451426630435
950 0.450407608696
980 0.448369565217
1010 0.448029891304
1040 0.448029891304
1070 0.447010869565
1100 0.444633152174
1130 0.444972826087
1160 0.444972826087
1190 0.442934782609
1220 0.442595108696
1250 0.442595108696
1280 0.44191576087
1310 0.441576086957
1340 0.441236413043
1370 0.439538043478
1400 0.438519021739
1430 0.438179347826
1460 0.436141304348
1490 0.436141304348
[0.4796195652173913, 0.47214673913043476, 0.47995923913043476, 0.47792119565217389, 0.47554347826086957, 0.47316576086956524, 0.47622282608695654, 0.47758152173913043, 0.47282608695652173, 0.47010869565217389, 0.46942934782608697, 0.46773097826086957, 0.46637228260869568, 0.46535326086956524, 0.46229619565217389, 0.46297554347826086, 0.4639945652173913, 0.46229619565217389, 0.46161684782608697, 0.45957880434782611, 0.45923913043478259, 0.46025815217391303, 0.45754076086956524, 0.45686141304347827, 0.45482336956521741, 0.45108695652173914, 0.45040760869565216, 0.45074728260869568, 0.45074728260869568, 0.45142663043478259, 0.45040760869565216, 0.4483695652173913, 0.44802989130434784, 0.44802989130434784, 0.44701086956521741, 0.44463315217391303, 0.44497282608695654, 0.44497282608695654, 0.44293478260869568, 0.44259510869565216, 0.44259510869565216, 0.44191576086956524, 0.44157608695652173, 0.44123641304347827, 0.43953804347826086, 0.43851902173913043, 0.43817934782608697, 0.43614130434782611, 0.43614130434782611]
-------------------------------------
edu Data loaded and transformed
50 0.517638321574
80 0.526178982547
110 0.523579650947
140 0.51800965466
170 0.516895655403
200 0.514296323802
230 0.515038989974
260 0.518380987746
290 0.516524322317
320 0.512068325288
350 0.511325659116
380 0.506498329001
410 0.503527664315
440 0.502042331972
470 0.497215001857
500 0.496843668771
530 0.49424433717
560 0.493130337913
590 0.492387671742
620 0.490531006313
650 0.484961010026
680 0.48458967694
710 0.483104344597
740 0.480876346082
770 0.480876346082
800 0.478648347568
830 0.478648347568
860 0.476791682139
890 0.47753434831
920 0.474192350538
950 0.474192350538
980 0.472707018195
1010 0.470850352766
1040 0.470850352766
1070 0.47233568511
1100 0.473078351281
1130 0.471221685852
1160 0.47233568511
1190 0.471593018938
1220 0.469365020423
1250 0.470850352766
1280 0.471593018938
1310 0.46787968808
1340 0.468622354252
1370 0.468622354252
1400 0.468622354252
1430 0.468622354252
1460 0.46787968808
1490 0.466394355737
[0.51763832157445233, 0.52617898254734496, 0.5235796509468994, 0.51800965466023019, 0.51689565540289639, 0.51429632380245083, 0.51503898997400666, 0.51838098774600816, 0.51652432231711842, 0.51206832528778312, 0.51132565911622729, 0.50649832900111402, 0.50352766431489049, 0.50204233197177872, 0.49721500185666545, 0.49684366877088748, 0.49424433717044186, 0.49313033791310806, 0.49238767174155218, 0.49053100631266244, 0.48496101002599329, 0.48458967694021537, 0.48310434459710361, 0.48087634608243596, 0.48087634608243596, 0.47864834756776831, 0.47864834756776831, 0.47679168213887857, 0.47753434831043445, 0.47419235053843295, 0.47419235053843295, 0.47270701819532118, 0.4708503527664315, 0.4708503527664315, 0.47233568510954327, 0.47307835128109915, 0.47122168585220942, 0.47233568510954327, 0.47159301893798738, 0.46936502042331973, 0.4708503527664315, 0.47159301893798738, 0.46787968808020797, 0.46862235425176385, 0.46862235425176385, 0.46862235425176385, 0.46862235425176385, 0.46787968808020797, 0.4663943557370962]
