/usr/bin/python "/Applications/PyCharm CE.app/Contents/helpers/pycharm/_jb_unittest_runner.py" --target sk_test
Testing started at 下午12:51 ...
Launching unittests with arguments python -m unittest sk_test in /Users/bqxuan/eclipse/workspace/SogouClientsAnalysis/python_writed/TextGrocery-master
/Library/Python/2.7/site-packages/sklearn/cross_validation.py:44: DeprecationWarning: This module was deprecated in version 0.18 in favor of the model_selection module into which all the refactored classes and functions are moved. Also note that the interface of the new CV iterators are different from that of this module. This module will be removed in 0.20.
  "This module will be removed in 0.20.", DeprecationWarning)
-------------------------------------
Data loaded
------------------------------------------------------------------------------------
Feature Selection Method:  CHI2
1000 0.793303723949
2000 0.797061838059
3000 0.804578066279
4000 0.80321147933
5000 0.80696959344
6000 0.807311240178
7000 0.807994533652
8000 0.807652886915
9000 0.805944653229
10000 0.808336180389
11000 0.807994533652
12000 0.805944653229
13000 0.803553126068
14000 0.801844892381
15000 0.80321147933
16000 0.801503245644
17000 0.801844892381
18000 0.799795011958
19000 0.800819952169
20000 0.802186539119
21000 0.801844892381
22000 0.802528185856
23000 0.801844892381
24000 0.802528185856
25000 0.80321147933
26000 0.803553126068
27000 0.804236419542
28000 0.803553126068
29000 0.80321147933
30000 0.804578066279
31000 0.804578066279
32000 0.803894772805
33000 0.802869832593
34000 0.804236419542
35000 0.803553126068
36000 0.803553126068
37000 0.802528185856
38000 0.802869832593
39000 0.80321147933
40000 0.802869832593
41000 0.803894772805
42000 0.803894772805
43000 0.80321147933
44000 0.802869832593
45000 0.802869832593
46000 0.801503245644
47000 0.803553126068
48000 0.804236419542
49000 0.805603006491
50000 0.804578066279
51000 0.804578066279
52000 0.805603006491
53000 0.803894772805
54000 0.803894772805
55000 0.804578066279
56000 0.80321147933
57000 0.802869832593
58000 0.800819952169
59000 0.801503245644
60000 0.801844892381
61000 0.800478305432
62000 0.801161598907
63000 0.801161598907
64000 0.800819952169
65000 0.801503245644
66000 0.801844892381
67000 0.801503245644
68000 0.801503245644
69000 0.800819952169
70000 0.801844892381
71000 0.801844892381
72000 0.802869832593
73000 0.802186539119
74000 0.802869832593
75000 0.802869832593
76000 0.801503245644
77000 0.801844892381
78000 0.800819952169
79000 0.800478305432
80000 0.800136658695
81000 0.801161598907
82000 0.801161598907
83000 0.801161598907
84000 0.801844892381
85000 0.801844892381
86000 0.801503245644
87000 0.801503245644
88000 0.801161598907
89000 0.800819952169
90000 0.801161598907
91000 0.801503245644
92000 0.801844892381
93000 0.801503245644
94000 0.802186539119
95000 0.802528185856
96000 0.802528185856
97000 0.802869832593
98000 0.801161598907
99000 0.800478305432
100000 0.800478305432
101000 0.801503245644
102000 0.801844892381
103000 0.802186539119
104000 0.800478305432
105000 0.800819952169
106000 0.800819952169
107000 0.800478305432
108000 0.800478305432
109000 0.800478305432
110000 0.800819952169
111000 0.801503245644
112000 0.801503245644
113000 0.801161598907
114000 0.801844892381
115000 0.801503245644
116000 0.801161598907
117000 0.801161598907
118000 0.801503245644
119000 0.800478305432
120000 0.800819952169
121000 0.801161598907
122000 0.801503245644
123000 0.801503245644
124000 0.800819952169
125000 0.801503245644
126000 0.801844892381
127000 0.801844892381
128000 0.801844892381
129000 0.801503245644
130000 0.801503245644
131000 0.801503245644
132000 0.802186539119
133000 0.802528185856
134000 0.802186539119
135000 0.801844892381
136000 0.801503245644
137000 0.801503245644
138000 0.801503245644
139000 0.801503245644
140000 0.801161598907
141000 0.801161598907
142000 0.801844892381
143000 0.802186539119
144000 0.801503245644
145000 0.801161598907
146000 0.800819952169
147000 0.800819952169
148000 0.800136658695
149000 0.801161598907
150000 0.800478305432
151000 0.800478305432
152000 0.800819952169
153000 0.801161598907
154000 0.800819952169
155000 0.801844892381
156000 0.801844892381
157000 0.802528185856
158000 0.801161598907
159000 0.800478305432
160000 0.800136658695
161000 0.800136658695
162000 0.800478305432
163000 0.801503245644
164000 0.802528185856
165000 0.802528185856
166000 0.802186539119
167000 0.802186539119
168000 0.802186539119
169000 0.802528185856
170000 0.802528185856
171000 0.802869832593
172000 0.802186539119
173000 0.802528185856
174000 0.802528185856
175000 0.802186539119
176000 0.802186539119
177000 0.802186539119
178000 0.802186539119
179000 0.802186539119
180000 0.80321147933
181000 0.803553126068
182000 0.80321147933
183000 0.80321147933
184000 0.803553126068
185000 0.803553126068
186000 0.80321147933
187000 0.802528185856
188000 0.802528185856
189000 0.802528185856
190000 0.801844892381
191000 0.801503245644
192000 0.800819952169
193000 0.800819952169
194000 0.800478305432
195000 0.800478305432
196000 0.801161598907
197000 0.801503245644
198000 0.802186539119
199000 0.801844892381
200000 0.801161598907
201000 0.801503245644
202000 0.800819952169
203000 0.801161598907
204000 0.800819952169
205000 0.800819952169
206000 0.800478305432
207000 0.801503245644
208000 0.801503245644
209000 0.801161598907
210000 0.801161598907
211000 0.801161598907
212000 0.801161598907
213000 0.800819952169
214000 0.800819952169
215000 0.800819952169
216000 0.800819952169
217000 0.799795011958
218000 0.800478305432
219000 0.800136658695
220000 0.800136658695
221000 0.800136658695
222000 0.800478305432
223000 0.799795011958
224000 0.800478305432
225000 0.801161598907
226000 0.800819952169
227000 0.800478305432
228000 0.800478305432
229000 0.799795011958
230000 0.800136658695
231000 0.799795011958
232000 0.800819952169
233000 0.800478305432
234000 0.800478305432
235000 0.799795011958
236000 0.799795011958
237000 0.800136658695
238000 0.800478305432
239000 0.800136658695
240000 0.800819952169
241000 0.800819952169
242000 0.801161598907
243000 0.801844892381
244000 0.802186539119
245000 0.802186539119
246000 0.802528185856
247000 0.802528185856
248000 0.801503245644
249000 0.801503245644
250000 0.801844892381
251000 0.801844892381
252000 0.801844892381
253000 0.801844892381
254000 0.801844892381
255000 0.801503245644
256000 0.801161598907
257000 0.801161598907
258000 0.801161598907
259000 0.800819952169
260000 0.800819952169
261000 0.801161598907
262000 0.801161598907
263000 0.801161598907
264000 0.800819952169
265000 0.800819952169
266000 0.800478305432
267000 0.800819952169
268000 0.801161598907
269000 0.801161598907
270000 0.801503245644
271000 0.800478305432
272000 0.800819952169
273000 0.801161598907
274000 0.801161598907
275000 0.800819952169
276000 0.800819952169
277000 0.801161598907
278000 0.801161598907
279000 0.801161598907
280000 0.801503245644
281000 0.802186539119
282000 0.801503245644
283000 0.801844892381
284000 0.801503245644
285000 0.801161598907
286000 0.801503245644
287000 0.801161598907
288000 0.801503245644
289000 0.801161598907
290000 0.801161598907
291000 0.801503245644
292000 0.801161598907
293000 0.800819952169
294000 0.800478305432
295000 0.800819952169
296000 0.800478305432
297000 0.800478305432
298000 0.800819952169
299000 0.801503245644
300000 0.801503245644
301000 0.801161598907
302000 0.800478305432
303000 0.801844892381
304000 0.801503245644
305000 0.801503245644
306000 0.801503245644
307000 0.802528185856
308000 0.802186539119
309000 0.801844892381
310000 0.802186539119
311000 0.801844892381
312000 0.801503245644
313000 0.801161598907
314000 0.801503245644
315000 0.801844892381
316000 0.801161598907
317000 0.801161598907
318000 0.801161598907
319000 0.801503245644
320000 0.801503245644
321000 0.801503245644
322000 0.802186539119
323000 0.801844892381
324000 0.801844892381
325000 0.801503245644
326000 0.800819952169
327000 0.800478305432
328000 0.800478305432
329000 0.800819952169
330000 0.800819952169
331000 0.800819952169
332000 0.800819952169
333000 0.800819952169
334000 0.800819952169
335000 0.800478305432
336000 0.800478305432
337000 0.800478305432
338000 0.800478305432
339000 0.800478305432

----------------------------------------------------------------------------------
------------------------------------------------------------------------------------
Feature Selection Method:  IG
1000 0.601298257602
2000 0.619405534677
3000 0.627605056372
4000 0.633754697643
5000 0.64537068671
6000 0.646395626922
7000 0.654936795354
8000 0.652203621455
9000 0.653911855142
10000 0.66040314315
11000 0.664502903997
12000 0.677827126751
13000 0.678168773488
14000 0.681243594124
15000 0.685685001708
16000 0.684318414759
17000 0.684318414759
18000 0.688759822344
19000 0.69046805603
20000 0.691834642979
21000 0.691492996242
22000 0.688076528869
23000 0.692517936454
24000 0.696276050564
25000 0.69798428425
26000 0.698667577725
27000 0.699692517936
28000 0.700717458148
29000 0.706867099419
30000 0.714383327639
31000 0.717116501537
32000 0.721216262385
33000 0.721216262385
34000 0.725657669969
35000 0.723607789546
36000 0.728390843867
37000 0.730440724291
38000 0.729074137342
39000 0.729757430817
40000 0.727707550393
41000 0.729415784079
42000 0.728390843867
43000 0.731124017766
44000 0.72804919713
45000 0.728390843867
46000 0.729415784079
47000 0.730782371028
48000 0.733857191664
49000 0.733515544927
50000 0.736248718825
51000 0.735907072087
52000 0.739665186197
53000 0.740348479672
54000 0.741031773147
55000 0.743764947045
56000 0.747523061155
57000 0.747523061155
58000 0.748206354629
59000 0.752647762214
60000 0.752647762214
61000 0.752989408951
62000 0.754697642638
63000 0.7543559959
64000 0.755039289375
65000 0.753331055688
66000 0.751622822002
67000 0.750256235053
68000 0.753672702426
69000 0.755380936112
70000 0.755722582849
71000 0.75811411001
72000 0.757089169798
73000 0.760505637171
74000 0.760505637171
75000 0.760847283908
76000 0.761530577383
77000 0.760505637171
78000 0.760163990434
79000 0.757089169798
80000 0.755380936112
81000 0.755039289375
82000 0.757772463273
83000 0.759822343697
84000 0.761188930646
85000 0.760163990434
86000 0.76187222412
87000 0.764263751281
88000 0.764947044756
89000 0.762897164332
90000 0.761530577383
91000 0.760847283908
92000 0.762213870858
93000 0.762555517595
94000 0.763922104544
95000 0.764605398018
96000 0.76563033823
97000 0.763922104544
98000 0.763922104544
99000 0.764947044756
100000 0.763922104544
101000 0.763580457807
102000 0.764605398018
103000 0.764947044756
104000 0.767338571917
105000 0.76563033823
106000 0.763922104544
107000 0.763922104544
108000 0.762897164332
109000 0.763238811069
110000 0.763238811069
111000 0.763580457807
112000 0.763922104544
113000 0.762897164332
114000 0.761530577383
115000 0.760163990434
116000 0.760505637171
117000 0.762213870858
118000 0.761188930646
119000 0.761530577383
120000 0.761188930646
121000 0.761188930646
122000 0.762897164332
123000 0.763238811069
124000 0.764263751281
125000 0.763922104544
126000 0.763922104544
127000 0.762555517595
128000 0.762213870858
129000 0.762555517595
130000 0.76187222412
131000 0.76187222412
132000 0.763922104544
133000 0.762213870858
134000 0.763922104544
135000 0.764263751281
136000 0.761530577383
137000 0.762555517595
138000 0.762897164332
139000 0.762897164332
140000 0.764605398018
141000 0.764605398018
142000 0.765288691493
143000 0.764605398018
144000 0.76938845234
145000 0.769730099078
146000 0.769730099078
147000 0.770413392552
148000 0.771096686027
149000 0.771096686027
150000 0.772121626238
151000 0.77314656645
152000 0.770755039289
153000 0.772463272976
154000 0.773488213188
155000 0.774171506662
156000 0.774171506662
157000 0.775538093611
158000 0.776221387086
159000 0.776563033823
160000 0.774854800137
161000 0.773829859925
162000 0.773488213188
163000 0.773488213188
164000 0.774513153399
165000 0.774171506662
166000 0.77314656645
167000 0.772121626238
168000 0.772463272976
169000 0.772463272976
170000 0.773488213188
171000 0.774171506662
172000 0.774171506662
173000 0.774513153399
174000 0.775538093611
175000 0.775879740348
176000 0.77690468056
177000 0.77690468056
178000 0.77690468056
179000 0.778271267509
180000 0.779637854458
181000 0.778954560984
182000 0.778612914247
183000 0.777929620772
184000 0.778271267509
185000 0.781346088145
186000 0.779637854458
187000 0.779296207721
188000 0.781004441408
189000 0.779637854458
190000 0.777929620772
191000 0.779637854458
192000 0.779637854458
193000 0.778271267509
194000 0.777246327298
195000 0.777246327298
196000 0.778612914247
197000 0.778271267509
198000 0.777929620772
199000 0.779979501196
200000 0.781687734882
201000 0.78066279467
202000 0.780321147933
203000 0.781687734882
204000 0.779979501196
205000 0.779637854458
206000 0.779979501196
207000 0.781346088145
208000 0.78066279467
209000 0.779637854458
210000 0.780321147933
211000 0.78066279467
212000 0.782712675094
213000 0.782029381619
214000 0.782029381619
215000 0.782029381619
216000 0.785104202255
217000 0.783395968569
218000 0.783737615306
219000 0.785104202255
220000 0.785787495729
221000 0.785787495729
222000 0.786470789204
223000 0.787495729416
224000 0.787837376153
225000 0.786470789204
226000 0.786470789204
227000 0.787154082679
228000 0.787495729416
229000 0.787495729416
230000 0.786470789204
231000 0.785445848992
232000 0.785445848992
233000 0.784079262043
234000 0.784079262043
235000 0.785104202255
236000 0.784079262043
237000 0.784079262043
238000 0.784762555518
239000 0.783395968569
240000 0.783395968569
241000 0.783054321831
242000 0.782371028357
243000 0.78442090878
244000 0.785445848992
245000 0.783395968569
246000 0.784762555518
247000 0.785104202255
248000 0.784079262043
249000 0.787495729416
250000 0.787154082679
251000 0.78817902289
252000 0.788520669628
253000 0.789887256577
254000 0.788520669628
255000 0.786812435941
256000 0.787837376153
257000 0.78817902289
258000 0.789203963102
259000 0.788862316365
260000 0.789887256577
261000 0.789887256577
262000 0.789203963102
263000 0.790228903314
264000 0.791595490263
265000 0.791595490263
266000 0.790912196789
267000 0.790228903314
268000 0.788862316365
269000 0.789545609839
270000 0.789887256577
271000 0.790570550051
272000 0.789203963102
273000 0.791253843526
274000 0.791253843526
275000 0.790912196789
276000 0.791595490263
277000 0.791937137
278000 0.791595490263
279000 0.791937137
280000 0.791937137
281000 0.791253843526
282000 0.793303723949
283000 0.793987017424
284000 0.795011957636
285000 0.795011957636
286000 0.794670310899
287000 0.794670310899
288000 0.795353604373
289000 0.796720191322
290000 0.797061838059
291000 0.797745131534
292000 0.79569525111
293000 0.79569525111
294000 0.797061838059
295000 0.796036897848
296000 0.796720191322
297000 0.796720191322
298000 0.796036897848
299000 0.795353604373
300000 0.795011957636
301000 0.795353604373
302000 0.795011957636
303000 0.79569525111
304000 0.796720191322
305000 0.795353604373
306000 0.796036897848
307000 0.797745131534
308000 0.796036897848
309000 0.796378544585
310000 0.796036897848
311000 0.797061838059
312000 0.797403484797
313000 0.797745131534
314000 0.797061838059
315000 0.798770071746
316000 0.798770071746
317000 0.798770071746
318000 0.797403484797
319000 0.798086778271
320000 0.796378544585
321000 0.797403484797
322000 0.797403484797
323000 0.798086778271
324000 0.797745131534
325000 0.797745131534
326000 0.798086778271
327000 0.797403484797
328000 0.797061838059
329000 0.797061838059
330000 0.798086778271
331000 0.79945336522
332000 0.79945336522
333000 0.799795011958
334000 0.800478305432
335000 0.799111718483
336000 0.798428425009
337000 0.799111718483
338000 0.799795011958
339000 0.79945336522
----------------------------------------------------------------------------------
------------------------------------------------------------------------------------
Feature Selection Method:  WLLR
1000 0.689443115818
2000 0.692517936454
3000 0.692517936454
4000 0.689784762556
5000 0.692517936454
6000 0.697300990776
7000 0.697642637513
8000 0.698325930987
9000 0.696276050564
10000 0.699692517936
11000 0.703450632046
12000 0.705158865733
13000 0.714041680902
14000 0.713358387427
15000 0.717116501537
16000 0.716433208063
17000 0.716091561326
18000 0.718141441749
19000 0.721557909122
20000 0.717116501537
21000 0.716091561326
22000 0.711991800478
23000 0.716091561326
24000 0.717116501537
25000 0.7167748548
26000 0.72053296891
27000 0.725316023232
28000 0.727024256918
29000 0.727024256918
30000 0.735223778613
31000 0.737956952511
32000 0.737956952511
33000 0.738298599248
34000 0.738298599248
35000 0.738981892723
36000 0.73932353946
37000 0.743423300307
38000 0.739665186197
39000 0.741715066621
40000 0.741031773147
41000 0.741031773147
42000 0.740690126409
43000 0.743423300307
44000 0.744106593782
45000 0.743764947045
46000 0.747864707892
47000 0.747864707892
48000 0.747181414417
49000 0.750256235053
50000 0.750256235053
51000 0.749572941578
52000 0.750256235053
53000 0.751622822002
54000 0.749231294841
55000 0.753331055688
56000 0.758455756748
57000 0.757772463273
58000 0.759822343697
59000 0.762213870858
60000 0.759822343697
61000 0.76187222412
62000 0.76187222412
63000 0.763580457807
64000 0.76187222412
65000 0.762897164332
66000 0.761530577383
67000 0.760847283908
68000 0.761188930646
69000 0.761530577383
70000 0.763238811069
71000 0.764605398018
72000 0.762213870858
73000 0.763580457807
74000 0.763922104544
75000 0.764605398018
76000 0.76563033823
77000 0.766655278442
78000 0.765971984968
79000 0.76187222412
80000 0.760163990434
81000 0.763580457807
82000 0.764947044756
83000 0.766655278442
84000 0.765288691493
85000 0.767338571917
86000 0.770071745815
87000 0.767338571917
88000 0.76938845234
89000 0.769730099078
90000 0.768363512128
91000 0.767338571917
92000 0.768705158866
93000 0.768021865391
94000 0.769730099078
95000 0.770755039289
96000 0.771438332764
97000 0.770755039289
98000 0.771096686027
99000 0.770071745815
100000 0.76938845234
101000 0.767338571917
102000 0.767338571917
103000 0.768021865391
104000 0.770071745815
105000 0.770071745815
106000 0.76938845234
107000 0.76938845234
108000 0.76938845234
109000 0.76938845234
110000 0.769046805603
111000 0.768021865391
112000 0.767680218654
113000 0.76563033823
114000 0.766655278442
115000 0.764947044756
116000 0.765288691493
117000 0.764605398018
118000 0.763922104544
119000 0.764605398018
120000 0.765288691493
121000 0.766313631705
122000 0.765971984968
123000 0.765971984968
124000 0.76563033823
125000 0.766313631705
126000 0.766996925179
127000 0.767338571917
128000 0.767338571917
129000 0.767338571917
130000 0.767338571917
131000 0.768021865391
132000 0.766313631705
133000 0.766655278442
134000 0.768705158866
135000 0.769730099078
136000 0.768705158866
137000 0.76938845234
138000 0.76938845234
139000 0.769730099078
140000 0.771779979501
141000 0.770755039289
142000 0.771438332764
143000 0.772463272976
144000 0.773488213188
145000 0.773488213188
146000 0.773829859925
147000 0.775538093611
148000 0.776221387086
149000 0.775879740348
150000 0.775538093611
151000 0.775196446874
152000 0.775196446874
153000 0.774513153399
154000 0.774513153399
155000 0.775879740348
156000 0.775879740348
157000 0.775538093611
158000 0.776221387086
159000 0.776221387086
160000 0.775538093611
161000 0.775879740348
162000 0.776563033823
163000 0.776221387086
164000 0.776563033823
165000 0.777246327298
166000 0.78066279467
167000 0.779979501196
168000 0.78066279467
169000 0.779296207721
170000 0.779979501196
171000 0.780321147933
172000 0.781687734882
173000 0.782712675094
174000 0.782712675094
175000 0.782029381619
176000 0.78066279467
177000 0.78066279467
178000 0.781346088145
179000 0.781687734882
180000 0.783054321831
181000 0.782712675094
182000 0.783054321831
183000 0.782029381619
184000 0.783054321831
185000 0.782712675094
186000 0.781687734882
187000 0.781687734882
188000 0.781346088145
189000 0.782712675094
190000 0.783054321831
191000 0.783395968569
192000 0.783054321831
193000 0.782712675094
194000 0.781346088145
195000 0.78066279467
196000 0.783395968569
197000 0.781346088145
198000 0.781004441408
199000 0.781004441408
200000 0.783054321831
201000 0.784762555518
202000 0.783737615306
203000 0.783737615306
204000 0.783054321831
205000 0.783054321831
206000 0.782712675094
207000 0.782712675094
208000 0.782371028357
209000 0.782712675094
210000 0.783054321831
211000 0.784079262043
212000 0.786129142467
213000 0.785104202255
214000 0.784762555518
215000 0.785445848992
216000 0.786470789204
217000 0.786129142467
218000 0.784762555518
219000 0.78442090878
220000 0.786129142467
221000 0.786129142467
222000 0.786812435941
223000 0.787837376153
224000 0.789887256577
225000 0.791253843526
226000 0.790912196789
227000 0.791253843526
228000 0.790570550051
229000 0.789545609839
230000 0.788520669628
231000 0.78817902289
232000 0.787837376153
233000 0.785104202255
234000 0.785104202255
235000 0.787154082679
236000 0.786812435941
237000 0.786470789204
238000 0.786470789204
239000 0.786470789204
240000 0.786470789204
241000 0.786470789204
242000 0.786129142467
243000 0.785787495729
244000 0.787495729416
245000 0.787154082679
246000 0.788862316365
247000 0.789203963102
248000 0.78817902289
249000 0.789203963102
250000 0.789545609839
251000 0.790228903314
252000 0.789887256577
253000 0.788862316365
254000 0.789545609839
255000 0.788520669628
256000 0.789545609839
257000 0.789887256577
258000 0.788862316365
259000 0.789887256577
260000 0.790228903314
261000 0.790912196789
262000 0.790570550051
263000 0.789887256577
264000 0.791253843526
265000 0.789545609839
266000 0.789545609839
267000 0.790228903314
268000 0.789887256577
269000 0.790570550051
270000 0.791253843526
271000 0.791595490263
272000 0.792620430475
273000 0.793303723949
274000 0.792962077212
275000 0.792962077212
276000 0.792962077212
277000 0.793987017424
278000 0.793987017424
279000 0.794328664161
280000 0.794670310899
281000 0.794670310899
282000 0.795353604373
283000 0.796378544585
284000 0.796036897848
285000 0.796378544585
286000 0.795353604373
287000 0.795011957636
288000 0.796036897848
289000 0.797745131534
290000 0.797403484797
291000 0.797745131534
292000 0.797061838059
293000 0.794670310899
294000 0.797061838059
295000 0.797403484797
296000 0.797745131534
297000 0.796378544585
298000 0.794670310899
299000 0.796036897848
300000 0.797403484797
301000 0.797061838059
302000 0.796036897848
303000 0.79569525111
304000 0.796720191322
305000 0.796378544585
306000 0.797061838059
307000 0.796378544585
308000 0.796720191322
309000 0.797061838059
310000 0.797403484797
311000 0.797745131534
312000 0.799111718483
313000 0.797745131534
314000 0.797745131534
315000 0.79945336522
316000 0.799795011958
317000 0.79945336522
318000 0.79945336522
319000 0.798428425009
320000 0.797403484797
321000 0.797745131534
322000 0.798428425009
323000 0.798428425009
324000 0.798770071746
325000 0.79945336522
326000 0.799111718483
327000 0.798770071746
328000 0.799111718483
329000 0.79945336522
330000 0.800136658695
331000 0.79945336522
332000 0.798770071746
333000 0.801161598907
334000 0.801503245644
335000 0.800136658695
336000 0.79945336522
337000 0.799111718483
338000 0.800478305432
339000 0.800819952169
----------------------------------------------------------------------------------
time =  0.005672

all_acc_dict['CHI2'] = [0.79330372394943627, 0.79706183805944653, 0.80457806627946704, 0.8032114793303724,
                        0.80696959344038266, 0.80731124017765632, 0.80799453365220364, 0.80765288691492998,
                        0.80594465322856168, 0.8083361803894773, 0.80799453365220364, 0.80594465322856168,
                        0.80355312606764606, 0.80184489238127776, 0.8032114793303724, 0.8015032456440041,
                        0.80184489238127776, 0.7997950119576358, 0.80081995216945678, 0.80218653911855142,
                        0.80184489238127776, 0.80252818585582508, 0.80184489238127776, 0.80252818585582508,
                        0.8032114793303724, 0.80355312606764606, 0.80423641954219338, 0.80355312606764606,
                        0.8032114793303724, 0.80457806627946704, 0.80457806627946704, 0.80389477280491972,
                        0.80286983259309874, 0.80423641954219338, 0.80355312606764606, 0.80355312606764606,
                        0.80252818585582508, 0.80286983259309874, 0.8032114793303724, 0.80286983259309874,
                        0.80389477280491972, 0.80389477280491972, 0.8032114793303724, 0.80286983259309874,
                        0.80286983259309874, 0.8015032456440041, 0.80355312606764606, 0.80423641954219338,
                        0.80560300649128802, 0.80457806627946704, 0.80457806627946704, 0.80560300649128802,
                        0.80389477280491972, 0.80389477280491972, 0.80457806627946704, 0.8032114793303724,
                        0.80286983259309874, 0.80081995216945678, 0.8015032456440041, 0.80184489238127776,
                        0.80047830543218312, 0.80116159890673044, 0.80116159890673044, 0.80081995216945678,
                        0.8015032456440041, 0.80184489238127776, 0.8015032456440041, 0.8015032456440041,
                        0.80081995216945678, 0.80184489238127776, 0.80184489238127776, 0.80286983259309874,
                        0.80218653911855142, 0.80286983259309874, 0.80286983259309874, 0.8015032456440041,
                        0.80184489238127776, 0.80081995216945678, 0.80047830543218312, 0.80013665869490946,
                        0.80116159890673044, 0.80116159890673044, 0.80116159890673044, 0.80184489238127776,
                        0.80184489238127776, 0.8015032456440041, 0.8015032456440041, 0.80116159890673044,
                        0.80081995216945678, 0.80116159890673044, 0.8015032456440041, 0.80184489238127776,
                        0.8015032456440041, 0.80218653911855142, 0.80252818585582508, 0.80252818585582508,
                        0.80286983259309874, 0.80116159890673044, 0.80047830543218312, 0.80047830543218312,
                        0.8015032456440041, 0.80184489238127776, 0.80218653911855142, 0.80047830543218312,
                        0.80081995216945678, 0.80081995216945678, 0.80047830543218312, 0.80047830543218312,
                        0.80047830543218312, 0.80081995216945678, 0.8015032456440041, 0.8015032456440041,
                        0.80116159890673044, 0.80184489238127776, 0.8015032456440041, 0.80116159890673044,
                        0.80116159890673044, 0.8015032456440041, 0.80047830543218312, 0.80081995216945678,
                        0.80116159890673044, 0.8015032456440041, 0.8015032456440041, 0.80081995216945678,
                        0.8015032456440041, 0.80184489238127776, 0.80184489238127776, 0.80184489238127776,
                        0.8015032456440041, 0.8015032456440041, 0.8015032456440041, 0.80218653911855142,
                        0.80252818585582508, 0.80218653911855142, 0.80184489238127776, 0.8015032456440041,
                        0.8015032456440041, 0.8015032456440041, 0.8015032456440041, 0.80116159890673044,
                        0.80116159890673044, 0.80184489238127776, 0.80218653911855142, 0.8015032456440041,
                        0.80116159890673044, 0.80081995216945678, 0.80081995216945678, 0.80013665869490946,
                        0.80116159890673044, 0.80047830543218312, 0.80047830543218312, 0.80081995216945678,
                        0.80116159890673044, 0.80081995216945678, 0.80184489238127776, 0.80184489238127776,
                        0.80252818585582508, 0.80116159890673044, 0.80047830543218312, 0.80013665869490946,
                        0.80013665869490946, 0.80047830543218312, 0.8015032456440041, 0.80252818585582508,
                        0.80252818585582508, 0.80218653911855142, 0.80218653911855142, 0.80218653911855142,
                        0.80252818585582508, 0.80252818585582508, 0.80286983259309874, 0.80218653911855142,
                        0.80252818585582508, 0.80252818585582508, 0.80218653911855142, 0.80218653911855142,
                        0.80218653911855142, 0.80218653911855142, 0.80218653911855142, 0.8032114793303724,
                        0.80355312606764606, 0.8032114793303724, 0.8032114793303724, 0.80355312606764606,
                        0.80355312606764606, 0.8032114793303724, 0.80252818585582508, 0.80252818585582508,
                        0.80252818585582508, 0.80184489238127776, 0.8015032456440041, 0.80081995216945678,
                        0.80081995216945678, 0.80047830543218312, 0.80047830543218312, 0.80116159890673044,
                        0.8015032456440041, 0.80218653911855142, 0.80184489238127776, 0.80116159890673044,
                        0.8015032456440041, 0.80081995216945678, 0.80116159890673044, 0.80081995216945678,
                        0.80081995216945678, 0.80047830543218312, 0.8015032456440041, 0.8015032456440041,
                        0.80116159890673044, 0.80116159890673044, 0.80116159890673044, 0.80116159890673044,
                        0.80081995216945678, 0.80081995216945678, 0.80081995216945678, 0.80081995216945678,
                        0.7997950119576358, 0.80047830543218312, 0.80013665869490946, 0.80013665869490946,
                        0.80013665869490946, 0.80047830543218312, 0.7997950119576358, 0.80047830543218312,
                        0.80116159890673044, 0.80081995216945678, 0.80047830543218312, 0.80047830543218312,
                        0.7997950119576358, 0.80013665869490946, 0.7997950119576358, 0.80081995216945678,
                        0.80047830543218312, 0.80047830543218312, 0.7997950119576358, 0.7997950119576358,
                        0.80013665869490946, 0.80047830543218312, 0.80013665869490946, 0.80081995216945678,
                        0.80081995216945678, 0.80116159890673044, 0.80184489238127776, 0.80218653911855142,
                        0.80218653911855142, 0.80252818585582508, 0.80252818585582508, 0.8015032456440041,
                        0.8015032456440041, 0.80184489238127776, 0.80184489238127776, 0.80184489238127776,
                        0.80184489238127776, 0.80184489238127776, 0.8015032456440041, 0.80116159890673044,
                        0.80116159890673044, 0.80116159890673044, 0.80081995216945678, 0.80081995216945678,
                        0.80116159890673044, 0.80116159890673044, 0.80116159890673044, 0.80081995216945678,
                        0.80081995216945678, 0.80047830543218312, 0.80081995216945678, 0.80116159890673044,
                        0.80116159890673044, 0.8015032456440041, 0.80047830543218312, 0.80081995216945678,
                        0.80116159890673044, 0.80116159890673044, 0.80081995216945678, 0.80081995216945678,
                        0.80116159890673044, 0.80116159890673044, 0.80116159890673044, 0.8015032456440041,
                        0.80218653911855142, 0.8015032456440041, 0.80184489238127776, 0.8015032456440041,
                        0.80116159890673044, 0.8015032456440041, 0.80116159890673044, 0.8015032456440041,
                        0.80116159890673044, 0.80116159890673044, 0.8015032456440041, 0.80116159890673044,
                        0.80081995216945678, 0.80047830543218312, 0.80081995216945678, 0.80047830543218312,
                        0.80047830543218312, 0.80081995216945678, 0.8015032456440041, 0.8015032456440041,
                        0.80116159890673044, 0.80047830543218312, 0.80184489238127776, 0.8015032456440041,
                        0.8015032456440041, 0.8015032456440041, 0.80252818585582508, 0.80218653911855142,
                        0.80184489238127776, 0.80218653911855142, 0.80184489238127776, 0.8015032456440041,
                        0.80116159890673044, 0.8015032456440041, 0.80184489238127776, 0.80116159890673044,
                        0.80116159890673044, 0.80116159890673044, 0.8015032456440041, 0.8015032456440041,
                        0.8015032456440041, 0.80218653911855142, 0.80184489238127776, 0.80184489238127776,
                        0.8015032456440041, 0.80081995216945678, 0.80047830543218312, 0.80047830543218312,
                        0.80081995216945678, 0.80081995216945678, 0.80081995216945678, 0.80081995216945678,
                        0.80081995216945678, 0.80081995216945678, 0.80047830543218312, 0.80047830543218312,
                        0.80047830543218312, 0.80047830543218312, 0.80047830543218312]

all_acc_dict['IG'] = [0.60129825760163991, 0.61940553467714388, 0.6276050563717116, 0.63375469764263748,
                        0.64537068670994191, 0.64639562692176289, 0.65493679535360438, 0.65220362145541511,
                        0.6539118551417834, 0.66040314314998294, 0.66450290399726686, 0.67782712675093948,
                        0.67816877348821314, 0.68124359412367608, 0.68568500170823365, 0.68431841475913902,
                        0.68431841475913902, 0.68875982234369659, 0.69046805603006489, 0.69183464297915953,
                        0.69149299624188587, 0.68807652886914927, 0.69251793645370685, 0.69627605056371711,
                        0.69798428425008541, 0.69866757772463273, 0.69969251793645371, 0.70071745814827469,
                        0.70686709941920056, 0.71438332763922108, 0.71711650153741036, 0.72121626238469427,
                        0.72121626238469427, 0.72565766996925174, 0.72360778954560989, 0.72839084386744102,
                        0.73044072429108298, 0.72907413734198834, 0.72975743081653566, 0.7277075503928937,
                        0.729415784079262, 0.72839084386744102, 0.7311240177656303, 0.72804919713016736,
                        0.72839084386744102, 0.729415784079262, 0.73078237102835664, 0.73385719166381957,
                        0.73351554492654591, 0.73624871882473519, 0.73590707208746153, 0.73966518619747179,
                        0.74034847967201911, 0.74103177314656643, 0.74376494704475571, 0.74752306115476597,
                        0.74752306115476597, 0.74820635462931329, 0.75264776221387086, 0.75264776221387086,
                        0.75298940895114452, 0.75469764263751282, 0.75435599590023916, 0.75503928937478648,
                        0.75333105568841818, 0.75162282200204988, 0.75025623505295524, 0.75367270242569184,
                        0.75538093611206014, 0.7557225828493338, 0.75811411001024942, 0.75708916979842844,
                        0.76050563717116504, 0.76050563717116504, 0.7608472839084387, 0.76153057738298602,
                        0.76050563717116504, 0.76016399043389138, 0.75708916979842844, 0.75538093611206014,
                        0.75503928937478648, 0.75777246327297576, 0.75982234369661772, 0.76118893064571236,
                        0.76016399043389138, 0.76187222412025968, 0.7642637512811753, 0.76494704475572262,
                        0.76289716433208066, 0.76153057738298602, 0.7608472839084387, 0.76221387085753334,
                        0.762555517594807, 0.76392210454390164, 0.76460539801844896, 0.76563033823026994,
                        0.76392210454390164, 0.76392210454390164, 0.76494704475572262, 0.76392210454390164,
                        0.76358045780662798, 0.76460539801844896, 0.76494704475572262, 0.76733857191663823,
                        0.76563033823026994, 0.76392210454390164, 0.76392210454390164, 0.76289716433208066,
                        0.76323881106935432, 0.76323881106935432, 0.76358045780662798, 0.76392210454390164,
                        0.76289716433208066, 0.76153057738298602, 0.76016399043389138, 0.76050563717116504,
                        0.76221387085753334, 0.76118893064571236, 0.76153057738298602, 0.76118893064571236,
                        0.76118893064571236, 0.76289716433208066, 0.76323881106935432, 0.7642637512811753,
                        0.76392210454390164, 0.76392210454390164, 0.762555517594807, 0.76221387085753334,
                        0.762555517594807, 0.76187222412025968, 0.76187222412025968, 0.76392210454390164,
                        0.76221387085753334, 0.76392210454390164, 0.7642637512811753, 0.76153057738298602,
                        0.762555517594807, 0.76289716433208066, 0.76289716433208066, 0.76460539801844896,
                        0.76460539801844896, 0.76528869149299628, 0.76460539801844896, 0.76938845234028019,
                        0.76973009907755385, 0.76973009907755385, 0.77041339255210117, 0.77109668602664849,
                        0.77109668602664849, 0.77212162623846947, 0.77314656645029045, 0.77075503928937483,
                        0.77246327297574313, 0.77348821318756411, 0.77417150666211143, 0.77417150666211143,
                        0.77553809361120596, 0.77622138708575328, 0.77656303382302694, 0.77485480013665875,
                        0.77382985992483777, 0.77348821318756411, 0.77348821318756411, 0.77451315339938509,
                        0.77417150666211143, 0.77314656645029045, 0.77212162623846947, 0.77246327297574313,
                        0.77246327297574313, 0.77348821318756411, 0.77417150666211143, 0.77417150666211143,
                        0.77451315339938509, 0.77553809361120596, 0.77587974034847962, 0.7769046805603006,
                        0.7769046805603006, 0.7769046805603006, 0.77827126750939524, 0.77963785445848988,
                        0.77895456098394256, 0.7786129142466689, 0.77792962077212158, 0.77827126750939524,
                        0.78134608814485818, 0.77963785445848988, 0.77929620772121622, 0.78100444140758452,
                        0.77963785445848988, 0.77792962077212158, 0.77963785445848988, 0.77963785445848988,
                        0.77827126750939524, 0.77724632729757426, 0.77724632729757426, 0.7786129142466689,
                        0.77827126750939524, 0.77792962077212158, 0.77997950119576354, 0.78168773488213183,
                        0.78066279467031086, 0.7803211479330372, 0.78168773488213183, 0.77997950119576354,
                        0.77963785445848988, 0.77997950119576354, 0.78134608814485818, 0.78066279467031086,
                        0.77963785445848988, 0.7803211479330372, 0.78066279467031086, 0.78271267509395281,
                        0.78202938161940549, 0.78202938161940549, 0.78202938161940549, 0.78510420225486843,
                        0.78339596856850013, 0.78373761530577379, 0.78510420225486843, 0.78578749572941575,
                        0.78578749572941575, 0.78647078920396307, 0.78749572941578405, 0.78783737615305771,
                        0.78647078920396307, 0.78647078920396307, 0.78715408267851039, 0.78749572941578405,
                        0.78749572941578405, 0.78647078920396307, 0.78544584899214209, 0.78544584899214209,
                        0.78407926204304745, 0.78407926204304745, 0.78510420225486843, 0.78407926204304745,
                        0.78407926204304745, 0.78476255551759477, 0.78339596856850013, 0.78339596856850013,
                        0.78305432183122647, 0.78237102835667915, 0.78442090878032111, 0.78544584899214209,
                        0.78339596856850013, 0.78476255551759477, 0.78510420225486843, 0.78407926204304745,
                        0.78749572941578405, 0.78715408267851039, 0.78817902289033137, 0.78852066962760503,
                        0.78988725657669967, 0.78852066962760503, 0.78681243594123673, 0.78783737615305771,
                        0.78817902289033137, 0.78920396310215235, 0.78886231636487869, 0.78988725657669967,
                        0.78988725657669967, 0.78920396310215235, 0.79022890331397333, 0.79159549026306797,
                        0.79159549026306797, 0.79091219678852065, 0.79022890331397333, 0.78886231636487869,
                        0.78954560983942601, 0.78988725657669967, 0.79057055005124699, 0.78920396310215235,
                        0.79125384352579431, 0.79125384352579431, 0.79091219678852065, 0.79159549026306797,
                        0.79193713700034163, 0.79159549026306797, 0.79193713700034163, 0.79193713700034163,
                        0.79125384352579431, 0.79330372394943627, 0.79398701742398359, 0.79501195763580457,
                        0.79501195763580457, 0.79467031089853091, 0.79467031089853091, 0.79535360437307823,
                        0.79672019132217287, 0.79706183805944653, 0.79774513153399385, 0.79569525111035189,
                        0.79569525111035189, 0.79706183805944653, 0.79603689784762555, 0.79672019132217287,
                        0.79672019132217287, 0.79603689784762555, 0.79535360437307823, 0.79501195763580457,
                        0.79535360437307823, 0.79501195763580457, 0.79569525111035189, 0.79672019132217287,
                        0.79535360437307823, 0.79603689784762555, 0.79774513153399385, 0.79603689784762555,
                        0.79637854458489921, 0.79603689784762555, 0.79706183805944653, 0.79740348479672019,
                        0.79774513153399385, 0.79706183805944653, 0.79877007174581482, 0.79877007174581482,
                        0.79877007174581482, 0.79740348479672019, 0.79808677827126751, 0.79637854458489921,
                        0.79740348479672019, 0.79740348479672019, 0.79808677827126751, 0.79774513153399385,
                        0.79774513153399385, 0.79808677827126751, 0.79740348479672019, 0.79706183805944653,
                        0.79706183805944653, 0.79808677827126751, 0.79945336522036214, 0.79945336522036214,
                        0.7997950119576358, 0.80047830543218312, 0.79911171848308848, 0.79842842500854116,
                        0.79911171848308848, 0.7997950119576358, 0.79945336522036214]

all_acc_dict['MI'] = [0.68944311581824391, 0.69251793645370685, 0.69251793645370685, 0.68978476255551757,
                      0.69251793645370685, 0.69730099077553809, 0.69764263751281175, 0.69832593098735907,
                      0.69627605056371711, 0.69969251793645371, 0.70345063204646396, 0.70515886573283226,
                      0.71404168090194742, 0.7133583874274001, 0.71711650153741036, 0.71643320806286304,
                      0.71609156132558938, 0.71814144174923134, 0.72155790912196793, 0.71711650153741036,
                      0.71609156132558938, 0.71199180047830546, 0.71609156132558938, 0.71711650153741036,
                      0.7167748548001367, 0.72053296891014695, 0.72531602323197808, 0.72702425691834638,
                      0.72702425691834638, 0.73522377861291421, 0.73795695251110349, 0.73795695251110349,
                      0.73829859924837715, 0.73829859924837715, 0.73898189272292447, 0.73932353946019813,
                      0.74342330030748205, 0.73966518619747179, 0.74171506662111375, 0.74103177314656643,
                      0.74103177314656643, 0.74069012640929277, 0.74342330030748205, 0.74410659378202937,
                      0.74376494704475571, 0.74786470789203963, 0.74786470789203963, 0.74718141441749231,
                      0.75025623505295524, 0.75025623505295524, 0.74957294157840793, 0.75025623505295524,
                      0.75162282200204988, 0.74923129484113427, 0.75333105568841818, 0.75845575674752308,
                      0.75777246327297576, 0.75982234369661772, 0.76221387085753334, 0.75982234369661772,
                      0.76187222412025968, 0.76187222412025968, 0.76358045780662798, 0.76187222412025968,
                      0.76289716433208066, 0.76153057738298602, 0.7608472839084387, 0.76118893064571236,
                      0.76153057738298602, 0.76323881106935432, 0.76460539801844896, 0.76221387085753334,
                      0.76358045780662798, 0.76392210454390164, 0.76460539801844896, 0.76563033823026994,
                      0.76665527844209092, 0.7659719849675436, 0.76187222412025968, 0.76016399043389138,
                      0.76358045780662798, 0.76494704475572262, 0.76665527844209092, 0.76528869149299628,
                      0.76733857191663823, 0.77007174581482751, 0.76733857191663823, 0.76938845234028019,
                      0.76973009907755385, 0.76836351212845921, 0.76733857191663823, 0.76870515886573287,
                      0.76802186539118555, 0.76973009907755385, 0.77075503928937483, 0.77143833276392215,
                      0.77075503928937483, 0.77109668602664849, 0.77007174581482751, 0.76938845234028019,
                      0.76733857191663823, 0.76733857191663823, 0.76802186539118555, 0.77007174581482751,
                      0.77007174581482751, 0.76938845234028019, 0.76938845234028019, 0.76938845234028019,
                      0.76938845234028019, 0.76904680560300653, 0.76802186539118555, 0.76768021865391189,
                      0.76563033823026994, 0.76665527844209092, 0.76494704475572262, 0.76528869149299628,
                      0.76460539801844896, 0.76392210454390164, 0.76460539801844896, 0.76528869149299628,
                      0.76631363170481726, 0.7659719849675436, 0.7659719849675436, 0.76563033823026994,
                      0.76631363170481726, 0.76699692517936457, 0.76733857191663823, 0.76733857191663823,
                      0.76733857191663823, 0.76733857191663823, 0.76802186539118555, 0.76631363170481726,
                      0.76665527844209092, 0.76870515886573287, 0.76973009907755385, 0.76870515886573287,
                      0.76938845234028019, 0.76938845234028019, 0.76973009907755385, 0.77177997950119581,
                      0.77075503928937483, 0.77143833276392215, 0.77246327297574313, 0.77348821318756411,
                      0.77348821318756411, 0.77382985992483777, 0.77553809361120596, 0.77622138708575328,
                      0.77587974034847962, 0.77553809361120596, 0.7751964468739323, 0.7751964468739323,
                      0.77451315339938509, 0.77451315339938509, 0.77587974034847962, 0.77587974034847962,
                      0.77553809361120596, 0.77622138708575328, 0.77622138708575328, 0.77553809361120596,
                      0.77587974034847962, 0.77656303382302694, 0.77622138708575328, 0.77656303382302694,
                      0.77724632729757426, 0.78066279467031086, 0.77997950119576354, 0.78066279467031086,
                      0.77929620772121622, 0.77997950119576354, 0.7803211479330372, 0.78168773488213183,
                      0.78271267509395281, 0.78271267509395281, 0.78202938161940549, 0.78066279467031086,
                      0.78066279467031086, 0.78134608814485818, 0.78168773488213183, 0.78305432183122647,
                      0.78271267509395281, 0.78305432183122647, 0.78202938161940549, 0.78305432183122647,
                      0.78271267509395281, 0.78168773488213183, 0.78168773488213183, 0.78134608814485818,
                      0.78271267509395281, 0.78305432183122647, 0.78339596856850013, 0.78305432183122647,
                      0.78271267509395281, 0.78134608814485818, 0.78066279467031086, 0.78339596856850013,
                      0.78134608814485818, 0.78100444140758452, 0.78100444140758452, 0.78305432183122647,
                      0.78476255551759477, 0.78373761530577379, 0.78373761530577379, 0.78305432183122647,
                      0.78305432183122647, 0.78271267509395281, 0.78271267509395281, 0.78237102835667915,
                      0.78271267509395281, 0.78305432183122647, 0.78407926204304745, 0.78612914246668941,
                      0.78510420225486843, 0.78476255551759477, 0.78544584899214209, 0.78647078920396307,
                      0.78612914246668941, 0.78476255551759477, 0.78442090878032111, 0.78612914246668941,
                      0.78612914246668941, 0.78681243594123673, 0.78783737615305771, 0.78988725657669967,
                      0.79125384352579431, 0.79091219678852065, 0.79125384352579431, 0.79057055005124699,
                      0.78954560983942601, 0.78852066962760503, 0.78817902289033137, 0.78783737615305771,
                      0.78510420225486843, 0.78510420225486843, 0.78715408267851039, 0.78681243594123673,
                      0.78647078920396307, 0.78647078920396307, 0.78647078920396307, 0.78647078920396307,
                      0.78647078920396307, 0.78612914246668941, 0.78578749572941575, 0.78749572941578405,
                      0.78715408267851039, 0.78886231636487869, 0.78920396310215235, 0.78817902289033137,
                      0.78920396310215235, 0.78954560983942601, 0.79022890331397333, 0.78988725657669967,
                      0.78886231636487869, 0.78954560983942601, 0.78852066962760503, 0.78954560983942601,
                      0.78988725657669967, 0.78886231636487869, 0.78988725657669967, 0.79022890331397333,
                      0.79091219678852065, 0.79057055005124699, 0.78988725657669967, 0.79125384352579431,
                      0.78954560983942601, 0.78954560983942601, 0.79022890331397333, 0.78988725657669967,
                      0.79057055005124699, 0.79125384352579431, 0.79159549026306797, 0.79262043047488895,
                      0.79330372394943627, 0.79296207721216261, 0.79296207721216261, 0.79296207721216261,
                      0.79398701742398359, 0.79398701742398359, 0.79432866416125725, 0.79467031089853091,
                      0.79467031089853091, 0.79535360437307823, 0.79637854458489921, 0.79603689784762555,
                      0.79637854458489921, 0.79535360437307823, 0.79501195763580457, 0.79603689784762555,
                      0.79774513153399385, 0.79740348479672019, 0.79774513153399385, 0.79706183805944653,
                      0.79467031089853091, 0.79706183805944653, 0.79740348479672019, 0.79774513153399385,
                      0.79637854458489921, 0.79467031089853091, 0.79603689784762555, 0.79740348479672019,
                      0.79706183805944653, 0.79603689784762555, 0.79569525111035189, 0.79672019132217287,
                      0.79637854458489921, 0.79706183805944653, 0.79637854458489921, 0.79672019132217287,
                      0.79706183805944653, 0.79740348479672019, 0.79774513153399385, 0.79911171848308848,
                      0.79774513153399385, 0.79774513153399385, 0.79945336522036214, 0.7997950119576358,
                      0.79945336522036214, 0.79945336522036214, 0.79842842500854116, 0.79740348479672019,
                      0.79774513153399385, 0.79842842500854116, 0.79842842500854116, 0.79877007174581482,
                      0.79945336522036214, 0.79911171848308848, 0.79877007174581482, 0.79911171848308848,
                      0.79945336522036214, 0.80013665869490946, 0.79945336522036214, 0.79877007174581482,
                      0.80116159890673044, 0.8015032456440041, 0.80013665869490946, 0.79945336522036214,
                      0.79911171848308848, 0.80047830543218312, 0.80081995216945678]
